Wall time,Step,Value
1559331195.481113,1,0.4719502925872803
1559331303.337204,101,0.008836004883050919
1559331411.466879,201,0.007945116609334946
1559331520.77519,301,0.00769038638100028
1559331629.260932,401,0.007411182392388582
1559331737.235288,501,0.007397785317152739
1559331846.744035,601,0.007235945668071508
1559331954.150521,701,0.00716027244925499
1559332063.769653,801,0.007192675024271011
1559332173.488627,901,0.007146420422941446
1559332282.125187,1001,0.00719413161277771
1559332391.811596,1101,0.007226672489196062
1559332505.390528,1201,0.00713379355147481
1559332637.005723,1301,0.0072692022658884525
1559332784.314643,1401,0.007106500212103128
1559332934.795747,1501,0.007024710066616535
1559333080.139519,1601,0.007052745670080185
1559333202.606444,1701,0.0072744665667414665
1559333319.150421,1801,0.007156712468713522
1559333433.143042,1901,0.007148477248847485
1559333548.35952,2001,0.00679967412725091
1559333665.916632,2101,0.00698674563318491
1559333777.838326,2201,0.007065997458994389
1559333891.739405,2301,0.007104037329554558
1559334005.723775,2401,0.007070688530802727
1559334118.954887,2501,0.007036655209958553
1559334235.093657,2601,0.0069461059756577015
1559334350.604745,2701,0.00700407475233078
1559334462.440492,2801,0.007113708648830652
1559334570.809166,2901,0.007187757641077042
1559334682.218853,3001,0.007060554344207048
1559334801.232359,3101,0.0071246009320020676
1559334918.341769,3201,0.0070906043983995914
1559335033.405614,3301,0.0069748167879879475
1559335146.400024,3401,0.006954784970730543
1559335263.118957,3501,0.007034338545054197
1559335377.846566,3601,0.00707642687484622
1559335495.211488,3701,0.00704760430380702
1559335610.073319,3801,0.007139124907553196
1559335729.697933,3901,0.0070928968489170074
1559335845.530021,4001,0.007094413973391056
1559335960.865596,4101,0.006832682993263006
1559336078.058724,4201,0.007011960726231337
1559336190.615029,4301,0.0068449280224740505
1559336302.151347,4401,0.007087093312293291
1559336413.023884,4501,0.007005654741078615
1559336525.68294,4601,0.00698714517056942
1559336643.963391,4701,0.007032698020339012
1559336756.738766,4801,0.006868434138596058
1559336870.15396,4901,0.007050582207739353
1559336981.756243,5001,0.00713449576869607
1559337096.626589,5101,0.007093135267496109
1559337213.703429,5201,0.007066592574119568
1559337328.469927,5301,0.0069359480403363705
1559337441.093146,5401,0.006766502279788256
1559337553.631333,5501,0.00699233403429389
1559337665.822782,5601,0.006943663116544485
1559337777.501609,5701,0.0069362809881567955
1559337894.027093,5801,0.007127776276320219
1559338008.254692,5901,0.006893383804708719
1559338121.836634,6001,0.007182403467595577
1559338235.335504,6101,0.007080231327563524
1559338351.230038,6201,0.007157749962061644
1559338467.739743,6301,0.006925710942596197
1559338582.372517,6401,0.006866004783660173
1559338695.872859,6501,0.006891963072121143
1559338808.755209,6601,0.0068898675963282585
1559338921.719174,6701,0.006908992771059275
1559339039.502169,6801,0.007135822903364897
1559339153.333225,6901,0.006967179011553526
1559339266.532434,7001,0.00703019043430686
1559339379.55213,7101,0.00689846184104681
1559339494.154884,7201,0.0070771886967122555
1559339610.606636,7301,0.006879973690956831
1559339725.274898,7401,0.006971420254558325
1559339839.207577,7501,0.007000532001256943
1559339952.136499,7601,0.00701104523614049
1559340067.836414,7701,0.006881736684590578
1559340184.907052,7801,0.006931064650416374
1559340302.651662,7901,0.0069630341604352
1559340417.789933,8001,0.006979191675782204
1559340533.234863,8101,0.007009828928858042
1559340647.436723,8201,0.006840139627456665
1559340760.675817,8301,0.0069433036260306835
1559340877.56251,8401,0.006977560464292765
1559340990.15068,8501,0.006855621933937073
1559341106.064758,8601,0.007071705535054207
1559341219.061405,8701,0.006833810359239578
1559341333.55382,8801,0.006937473081052303
1559341452.673133,8901,0.007079666014760733
1559341566.847419,9001,0.007072833366692066
1559341680.830588,9101,0.0068570757284760475
1559341794.6539,9201,0.006806256715208292
1559341908.264841,9301,0.006906755268573761
1559342027.570624,9401,0.007001248188316822
1559342143.070279,9501,0.007068338803946972
1559342256.576863,9601,0.006927816662937403
1559342372.727277,9701,0.0070006330497562885
1559342486.033393,9801,0.0068927910178899765
1559342603.413378,9901,0.006945290602743626
1559342719.094513,10001,0.0069374521262943745
1559342833.547153,10101,0.007047923281788826
1559342947.869909,10201,0.006966418586671352
1559343057.150763,10301,0.006860801484435797
1559343166.073865,10401,0.006787421647459269
1559343283.823326,10501,0.006975152529776096
1559343396.251085,10601,0.007039377000182867
1559343501.5115,10701,0.006880489178001881
1559343616.034654,10801,0.006902839057147503
1559343728.810067,10901,0.0069906036369502544
1559343845.900498,11001,0.007001014892011881
1559343961.524512,11101,0.006823246832937002
1559344077.33997,11201,0.00693549495190382
1559344191.026182,11301,0.006697903387248516
1559344305.752802,11401,0.007185937371104956
1559344424.224447,11501,0.006920116487890482
1559344537.38824,11601,0.006856251507997513
1559344654.86186,11701,0.007092105690389872
1559344770.195555,11801,0.0068157874047756195
1559344882.621571,11901,0.006780101917684078
1559344999.889504,12001,0.006875929422676563
1559345112.958326,12101,0.006889178417623043
1559345228.524756,12201,0.006969491485506296
1559345344.443943,12301,0.0068466453813016415
1559345457.892926,12401,0.006934198085218668
1559345569.896262,12501,0.006998480297625065
1559345686.333361,12601,0.006905293092131615
1559345797.702206,12701,0.0067969574593007565
1559345912.679301,12801,0.006956739816814661
1559346026.268988,12901,0.006918102037161589
1559346140.209577,13001,0.0069797164760529995
1559346258.942721,13101,0.006956868804991245
1559346374.513798,13201,0.007091485429555178
1559346487.714817,13301,0.006772578228265047
1559346600.736201,13401,0.006844434421509504
1559346715.617926,13501,0.006930157542228699
1559346832.171852,13601,0.006956582423299551
1559346945.851503,13701,0.006729896645992994
1559347062.538838,13801,0.006974363699555397
1559347175.832626,13901,0.0067397356033325195
1559347293.474702,14001,0.006972611416131258
1559347411.278643,14101,0.0069755082949995995
1559347525.595435,14201,0.007022075820714235
1559347639.493424,14301,0.006765960715711117
1559347758.659877,14401,0.006861061789095402
1559347872.574829,14501,0.006870335433632135
1559347991.524687,14601,0.006778792478144169
1559348110.146108,14701,0.006877211853861809
1559348224.966583,14801,0.006917870137840509
1559348340.621416,14901,0.007008695974946022
1559348454.174142,15001,0.006892431527376175
1559348568.246471,15101,0.0070119583979249
1559348686.244513,15201,0.006689151749014854
1559348800.046479,15301,0.006686004810035229
1559348916.863315,15401,0.007019099313765764
1559349032.199408,15501,0.006996098440140486
1559349143.789972,15601,0.006911924574524164
1559349260.632459,15701,0.00699818879365921
1559349374.655352,15801,0.00696897879242897
1559349491.37391,15901,0.0069697159342467785
1559349606.095251,16001,0.006992353592067957
1559349718.801973,16101,0.006922435015439987
1559349836.171343,16201,0.006854183040559292
1559349951.578787,16301,0.0069929794408380985
1559350065.821632,16401,0.007042087614536285
1559350180.400336,16501,0.006738253869116306
1559350293.064609,16601,0.006719715893268585
1559350411.985108,16701,0.006873680278658867
1559350529.169493,16801,0.0070882318541407585
1559350646.045995,16901,0.0069405012764036655
1559350766.33884,17001,0.006879341322928667
1559350887.273516,17101,0.006889421958476305
1559351012.204096,17201,0.006793569307774305
1559351132.36917,17301,0.006904547102749348
1559351251.459865,17401,0.006735965609550476
1559351370.005512,17501,0.006630355957895517
1559351490.24378,17601,0.006945697590708733
1559351613.787784,17701,0.006842765957117081
1559351733.429512,17801,0.006837241351604462
1559351851.937141,17901,0.006882946006953716
1559351969.865931,18001,0.006817298009991646
1559352090.182432,18101,0.006862236652523279
1559352213.963283,18201,0.0068255201913416386
1559352333.07988,18301,0.006745629012584686
1559352450.251961,18401,0.006748173385858536
1559352569.575205,18501,0.00690523162484169
1559352686.282192,18601,0.0070777772925794125
1559352801.209727,18701,0.006884698290377855
1559352922.826516,18801,0.006855915766209364
1559353042.168578,18901,0.006771319545805454
1559353160.51426,19001,0.00678224628791213
1559353280.465976,19101,0.006922413595020771
1559353399.582019,19201,0.00698853749781847
1559353522.128951,19301,0.00667479308322072
1559353638.144769,19401,0.006774616427719593
1559353754.037874,19501,0.006799005903303623
1559353872.095368,19601,0.006916920654475689
1559353991.862862,19701,0.006967388093471527
1559354116.236421,19801,0.0069540711119771
1559354232.963117,19901,0.006808531004935503
1559570008.77631,20001,0.006866836454719305
1559570116.695869,20101,0.0069594793021678925
1559570226.305172,20201,0.006866658106446266
1559570333.164469,20301,0.0067582037299871445
1559570441.173759,20401,0.006742947269231081
1559570573.378505,20501,0.006969572510570288
1559571147.595258,20519,0.006869264878332615
1559571252.660632,20619,0.006840975023806095
1559571357.53523,20719,0.00683309230953455
1559571458.811498,20819,0.0068193841725587845
1559571561.022694,20919,0.006619228515774012
1559571664.064219,21019,0.00687585212290287
1559571765.586966,21119,0.0068898978643119335
1559571869.151219,21219,0.006828147917985916
1559571972.643424,21319,0.006752857938408852
1559572073.164952,21419,0.006768282502889633
1559572176.619944,21519,0.006921476684510708
1559572281.047094,21619,0.0069893281906843185
1559572383.957603,21719,0.006758324336260557
1559572489.822893,21819,0.006817223969846964
1559572593.368393,21919,0.006882727146148682
1559572695.390336,22019,0.006871553137898445
1559572798.682856,22119,0.0067590391263365746
1559572899.903312,22219,0.006772502325475216
1559573003.43043,22319,0.00670895678922534
1559573107.470719,22419,0.007027212530374527
1559573208.744972,22519,0.006808939389884472
1559573313.186987,22619,0.006875982042402029
1559573417.766555,22719,0.0067847794853150845
1559573517.758476,22819,0.006826478522270918
1559573623.770889,22919,0.006801954470574856
1559573726.474339,23019,0.006668046582490206
1559573826.939966,23119,0.006707067135721445
1559573931.30274,23219,0.006725533399730921
1559574035.298936,23319,0.0068224212154746056
1559574135.866968,23419,0.006829502061009407
