Wall time,Step,Value
1559331147.672399,1,0.08830363303422928
1559331185.726713,11,0.05172768980264664
1559331260.330838,111,0.007841171696782112
1559331334.85575,211,0.007462577894330025
1559331410.301932,311,0.007576204836368561
1559331486.068704,411,0.007460270542651415
1559331561.019811,511,0.0074180723167955875
1559331635.907957,611,0.007523780222982168
1559331710.893371,711,0.00743599608540535
1559331787.472125,811,0.0073259687051177025
1559331862.412711,911,0.007366139907389879
1559331938.237249,1011,0.007196218706667423
1559332016.152364,1111,0.007527089677751064
1559332094.358462,1211,0.007397053297609091
1559332170.023842,1311,0.007586880587041378
1559332247.019349,1411,0.007603916339576244
1559332322.995893,1511,0.0072374795563519
1559332399.734091,1611,0.007318616379052401
1559332475.157966,1711,0.007091187871992588
1559332550.832566,1811,0.0071865953505039215
1559332626.351917,1911,0.0071893357671797276
1559332701.582826,2011,0.007003566715866327
1559332777.362724,2111,0.007140876725316048
1559332855.732813,2211,0.0071204910054802895
1559332932.997273,2311,0.007456403225660324
1559333011.737203,2411,0.007200564723461866
1559333087.333681,2511,0.006922560278326273
1559333163.768872,2611,0.006948512047529221
1559333246.421284,2711,0.007324087433516979
1559333324.627324,2811,0.007039829157292843
1559333403.759914,2911,0.007090385537594557
1559333483.772131,3011,0.006987580098211765
1559333562.809685,3111,0.007005336228758097
1559333647.633973,3211,0.0068868971429765224
1559333725.559982,3311,0.007254656869918108
1559333806.969022,3411,0.0070866853930056095
1559333895.578444,3511,0.006881984882056713
1559333976.71308,3611,0.006958256475627422
1559334057.680866,3711,0.007060667499899864
1559334137.696125,3811,0.007090820465236902
1559334224.240735,3911,0.006992913782596588
1559334304.788847,4011,0.006850051693618298
1559334385.663482,4111,0.0069773755967617035
1559334463.836615,4211,0.0069901421666145325
1559334540.704978,4311,0.007075501140207052
1559334617.888242,4411,0.006807222031056881
1559334699.043339,4511,0.006977931130677462
1559334789.184339,4611,0.007033290807157755
1559334874.465792,4711,0.006903567351400852
1559334954.26599,4811,0.006872151046991348
1559335035.07662,4911,0.0068372697569429874
1559335115.614738,5011,0.0068926261737942696
1559335196.724276,5111,0.006789024453610182
1559335277.39095,5211,0.00686595169827342
1559335360.460614,5311,0.006949282251298428
1559335450.798787,5411,0.007012019399553537
1559335534.309657,5511,0.007091214880347252
1559335622.837605,5611,0.006900961510837078
1559335706.535639,5711,0.006988569628447294
1559335788.688671,5811,0.006750739179551601
1559335867.805355,5911,0.006859526038169861
1559335948.232489,6011,0.006948689464479685
1559336031.728938,6111,0.007027793675661087
1559336112.151487,6211,0.006946768146008253
1559336191.09647,6311,0.006808045785874128
1559336271.086061,6411,0.006528572645038366
1559336350.177434,6511,0.006828458979725838
1559336432.076466,6611,0.006672601215541363
1559336510.692679,6711,0.006797271780669689
1559336592.372728,6811,0.0068098753690719604
1559336674.161677,6911,0.007091520819813013
1559336754.221028,7011,0.00667807599529624
1559336834.515587,7111,0.006889473181217909
1559336913.801236,7211,0.006920770276337862
1559336993.430941,7311,0.006898183375597
1559337073.359601,7411,0.006836595945060253
1559337152.028119,7511,0.00673302635550499
1559337234.840984,7611,0.006644845008850098
1559337316.38395,7711,0.006723818369209766
1559337398.822811,7811,0.006991294678300619
1559337478.142046,7911,0.006761790253221989
1559337558.498381,8011,0.006781184580177069
1559337637.575955,8111,0.006912246812134981
1559337718.022384,8211,0.007044983096420765
1559337802.061327,8311,0.006628749892115593
1559337882.580634,8411,0.006720508448779583
1559337964.019988,8511,0.006760808639228344
1559338043.716605,8611,0.006769056897610426
1559338121.763275,8711,0.006735642906278372
1559338205.725422,8811,0.00685676746070385
1559338289.577934,8911,0.006525736767798662
1559338375.218694,9011,0.006836120504885912
1559338465.585747,9111,0.006871150340884924
1559338548.894278,9211,0.006609645206481218
1559338629.864424,9311,0.006705081090331078
1559338705.86131,9411,0.0067351446487009525
1559338778.445077,9511,0.006784908939152956
1559338851.044588,9611,0.006657502148300409
1559338928.814998,9711,0.006670222617685795
1559339015.780813,9811,0.0066187940537929535
1559339098.542235,9911,0.006607366725802422
1559339176.959222,10011,0.006868397351354361
1559339249.762536,10111,0.00660306541249156
1559339322.527696,10211,0.0068045808002352715
1559339394.964196,10311,0.006703568156808615
1559339467.674752,10411,0.006673556286841631
1559339542.311368,10511,0.006684666499495506
1559339623.774984,10611,0.006812844891101122
1559339693.962761,10711,0.006654919590801001
1559339775.540733,10811,0.0067029083147645
1559339854.667987,10911,0.0067668152041733265
1559339936.3787,11011,0.0066745346412062645
1559340015.481447,11111,0.006776163354516029
1559340101.447024,11211,0.006782891694456339
1559340191.734933,11311,0.006670553702861071
1559340279.348452,11411,0.006855808198451996
1559340367.499159,11511,0.006709116976708174
1559340457.325006,11611,0.006680681835860014
1559340543.627471,11711,0.006595259066671133
1559340626.687655,11811,0.006739263888448477
1559340709.997064,11911,0.0067183333449065685
1559340801.482908,12011,0.006827389355748892
1559340889.239821,12111,0.006704982835799456
1559340976.181409,12211,0.006783796474337578
1559341064.69772,12311,0.006710431072860956
1559341151.919543,12411,0.006930751260370016
1559341240.123172,12511,0.0067417314276099205
1559341328.644015,12611,0.006754085421562195
1559341407.022197,12711,0.006906010210514069
1559341480.731767,12811,0.006704636383801699
1559341554.825551,12911,0.006764608900994062
1559341628.202124,13011,0.006575329694896936
1559341708.740652,13111,0.006794428452849388
1559341795.240425,13211,0.006887671072036028
1559341884.464861,13311,0.0067582810297608376
1559341973.089855,13411,0.006876586936414242
1559342066.314062,13511,0.006874097976833582
1559342156.850501,13611,0.006615516729652882
1559342245.704584,13711,0.006822082679718733
1559342334.35234,13811,0.006683062762022018
1559342421.320939,13911,0.006789518520236015
1559342508.810207,14011,0.006921674124896526
1559342591.773724,14111,0.00663638673722744
1559342680.071577,14211,0.0069285109639167786
1559342771.005224,14311,0.006511880550533533
1559342855.03371,14411,0.00658788625150919
1559342944.172459,14511,0.00697930296882987
1559343027.747093,14611,0.006521113682538271
1559343103.758299,14711,0.006804342847317457
1559343184.534026,14811,0.006493386812508106
1559343274.570414,14911,0.006652047857642174
1559343356.878961,15011,0.006574251689016819
1559343446.643142,15111,0.006834129337221384
1559343536.233693,15211,0.006711291614919901
1559343622.93799,15311,0.006680245045572519
1559343711.588505,15411,0.006715539377182722
1559343803.776108,15511,0.006552882492542267
1559343895.892227,15611,0.006686144974082708
1559343981.573339,15711,0.006705268286168575
1559344068.984249,15811,0.006721298210322857
1559344159.469288,15911,0.006535672582685947
1559344251.425705,16011,0.006645452696830034
1559344336.072162,16111,0.006523757241666317
1559344423.593789,16211,0.006674285978078842
1559344509.856616,16311,0.0065521965734660625
1559344602.659195,16411,0.006735094357281923
1559344690.888593,16511,0.006737761665135622
1559344779.761726,16611,0.006934905890375376
1559344863.874272,16711,0.006586065515875816
1559344949.629899,16811,0.006712000817060471
1559345037.609541,16911,0.006765065714716911
1559345124.036823,17011,0.0066799260675907135
1559345215.249509,17111,0.00658752117305994
1559345305.323639,17211,0.006529196165502071
1559345391.284247,17311,0.0066056097857654095
1559345480.490914,17411,0.006774542387574911
1559345569.097793,17511,0.006706875748932362
1559345662.69976,17611,0.0066360002383589745
1559345747.929667,17711,0.006672458723187447
1559345832.102819,17811,0.006632528733462095
1559345920.370243,17911,0.006675578188151121
1559346004.556346,18011,0.0067245010286569595
1559346090.91505,18111,0.006722536403685808
1559346176.854066,18211,0.006624690257012844
1559346267.426572,18311,0.006664062384516001
1559346356.265022,18411,0.0064970627427101135
1559346437.319119,18511,0.006574696395546198
1559346527.323043,18611,0.0067915222607553005
1559346611.490363,18711,0.006833094637840986
1559346698.385554,18811,0.006600860506296158
1559346779.304446,18911,0.006748795974999666
1559346868.043157,19011,0.00671239010989666
1559346954.420486,19111,0.0065137604251503944
1559347041.282621,19211,0.0066686668433249
1559347124.944603,19311,0.006655820645391941
1559347209.872976,19411,0.006561634596437216
1559347300.594088,19511,0.006615121383219957
1559347386.295815,19611,0.006678360980004072
1559347475.139767,19711,0.006779608316719532
1559347561.836498,19811,0.006680517457425594
1559347645.681179,19911,0.0066506387665867805
1559569985.58321,20011,0.006775764282792807
1559570060.825466,20111,0.006640479434281588
1559570137.109232,20211,0.006474429275840521
1559570215.215059,20311,0.006604947615414858
1559570290.537234,20411,0.006672737188637257
1559570366.180979,20511,0.006781828124076128
1559570442.401672,20611,0.006687184330075979
1559570530.543444,20711,0.006820036098361015
1559571134.176093,20759,0.006545182783156633
1559571209.278716,20859,0.006635417230427265
1559571286.108691,20959,0.006451506167650223
1559571362.40081,21059,0.006868505850434303
1559571438.848586,21159,0.006623825989663601
1559571515.204812,21259,0.006772885099053383
1559571590.766247,21359,0.006779415067285299
1559571666.135362,21459,0.0065691047348082066
1559571743.786722,21559,0.0066727278754115105
1559571819.263723,21659,0.0067109907977283
1559571894.719409,21759,0.006520989816635847
1559571970.606667,21859,0.006707587279379368
1559572046.628861,21959,0.006579109001904726
1559572121.956631,22059,0.006671661511063576
1559572197.615849,22159,0.006555922795087099
1559572277.752111,22259,0.00657486729323864
1559572354.863264,22359,0.006693137343972921
1559572430.84661,22459,0.006618180777877569
1559572506.231046,22559,0.006610214244574308
1559572582.708212,22659,0.006649968679994345
1559572659.414426,22759,0.006411337293684483
1559572736.00554,22859,0.006736711133271456
1559572812.043095,22959,0.006626818794757128
1559572887.738438,23059,0.00661516934633255
1559572964.773578,23159,0.006723000202327967
1559573041.017515,23259,0.006622285582125187
1559573117.111352,23359,0.006572906393557787
1559573196.758341,23459,0.006711265537887812
1559573273.044602,23559,0.00664427550509572
1559573349.782595,23659,0.006460042670369148
1559573425.316221,23759,0.006744318176060915
1559573501.315942,23859,0.006532427854835987
1559573578.422762,23959,0.006758113857358694
1559573654.213167,24059,0.006561334244906902
1559573729.978775,24159,0.006619547959417105
1559573805.587641,24259,0.006747399922460318
1559573881.271914,24359,0.006701185833662748
1559573956.859144,24459,0.006601602770388126
