[?1034h['./validate_regression.py', '190723_origin_2']
Opening ...../bigreg3.root
pt
x,dnn,jecs
0.000000,0.141185,0.144747
60.000000,0.124061,0.120397
120.000000,0.117709,0.100109
180.000000,0.117492,0.091078
250.000000,0.109925,0.078762
320.000000,0.104835,0.071900
400.000000,0.112667,0.059395
eta
x,dnn,jecs
0.000000,0.122555,0.112609
0.400000,0.123352,0.116075
0.800000,0.128932,0.125234
1.200000,0.138711,0.138347
1.600000,0.135846,0.130562
2.000000,0.150169,0.144909
[?1034h['./validate_regression.py', '190725_lstm_pf']
Opening ...../bigreg3.root
pt
x,dnn,jecs
0.000000,0.144778,0.144747
60.000000,0.129937,0.120397
120.000000,0.122655,0.100109
180.000000,0.122415,0.091078
250.000000,0.117588,0.078762
320.000000,0.116704,0.071900
400.000000,0.113470,0.059395
eta
x,dnn,jecs
0.000000,0.128438,0.112609
0.400000,0.128999,0.116075
0.800000,0.134037,0.125234
1.200000,0.144532,0.138347
1.600000,0.141268,0.130562
2.000000,0.156036,0.144909
[?1034h['./validate_regression.py', '190904_0_3']
Opening ...../bigreg3.root
pt
x,dnn,jecs
0.000000,0.139868,0.144747
60.000000,0.124151,0.120397
120.000000,0.117850,0.100109
180.000000,0.117758,0.091078
250.000000,0.113929,0.078762
320.000000,0.110542,0.071900
400.000000,0.102681,0.059395
eta
x,dnn,jecs
0.000000,0.123820,0.112609
0.400000,0.123828,0.116075
0.800000,0.129927,0.125234
1.200000,0.138225,0.138347
1.600000,0.135909,0.130562
2.000000,0.148957,0.144909
