[?1034h['./validate_regression.py', '190723_origin']
Opening ...../bigreg.root
pt
x,dnn,jecs
0.000000,0.117562,0.144747
60.000000,0.096365,0.120397
120.000000,0.087026,0.100109
180.000000,0.083939,0.091078
250.000000,0.074773,0.078762
320.000000,0.068438,0.071900
400.000000,0.060375,0.059395
eta
x,dnn,jecs
0.000000,0.093224,0.112609
0.400000,0.094604,0.116075
0.800000,0.102115,0.125234
1.200000,0.114142,0.138347
1.600000,0.109671,0.130562
2.000000,0.126581,0.144909
[?1034h['./validate_regression.py', '190723_puppi']
Opening ...../bigreg.root
pt
x,dnn,jecs
0.000000,0.115143,0.144747
60.000000,0.095216,0.120397
120.000000,0.084761,0.100109
180.000000,0.081105,0.091078
250.000000,0.071547,0.078762
320.000000,0.065254,0.071900
400.000000,0.056423,0.059395
eta
x,dnn,jecs
0.000000,0.091291,0.112609
0.400000,0.092867,0.116075
0.800000,0.100548,0.125234
1.200000,0.111615,0.138347
1.600000,0.107828,0.130562
2.000000,0.123340,0.144909
[?1034h['./validate_regression.py', '190725_lstm_pf']
Opening ...../bigreg.root
pt
x,dnn,jecs
0.000000,0.118763,0.144747
60.000000,0.097402,0.120397
120.000000,0.087774,0.100109
180.000000,0.085353,0.091078
250.000000,0.078535,0.078762
320.000000,0.071711,0.071900
400.000000,0.068202,0.059395
eta
x,dnn,jecs
0.000000,0.094038,0.112609
0.400000,0.095387,0.116075
0.800000,0.103696,0.125234
1.200000,0.115339,0.138347
1.600000,0.111778,0.130562
2.000000,0.127929,0.144909
[?1034h['./validate_regression.py', '190904_0_2']
Opening ...../bigreg.root
pt
x,dnn,jecs
0.000000,0.115618,0.144747
60.000000,0.094012,0.120397
120.000000,0.084670,0.100109
180.000000,0.081209,0.091078
250.000000,0.071778,0.078762
320.000000,0.066409,0.071900
400.000000,0.058107,0.059395
eta
x,dnn,jecs
0.000000,0.091264,0.112609
0.400000,0.092668,0.116075
0.800000,0.100410,0.125234
1.200000,0.111548,0.138347
1.600000,0.108106,0.130562
2.000000,0.123866,0.144909
