[?1034h['./validate_regression.py', '190607_nopf_narrowloss_120000']
Opening .../data/t3home000/dabercro/hbb/190610_013/TTToHadronic_TuneCP5_13TeV-powheg-pythia8/0001.root
pt
x,dnn,jecs
0.000000,0.115029,0.143353
60.000000,0.093627,0.117390
120.000000,0.083370,0.098177
180.000000,0.077029,0.086854
240.000000,0.066320,0.073669
300.000000,0.069048,0.067693
360.000000,0.069926,0.074603
420.000000,0.065052,0.053744
480.000000,0.053725,0.058494
eta
x,dnn,jecs
0.000000,0.088389,0.109970
0.400000,0.090023,0.109599
0.800000,0.097366,0.120974
1.200000,0.110031,0.134543
1.600000,0.108899,0.130386
2.000000,0.124743,0.147566
[?1034h['./validate_regression.py', '190607_nopf_narrowloss_160000']
Opening .../data/t3home000/dabercro/hbb/190610_013/TTToHadronic_TuneCP5_13TeV-powheg-pythia8/0001.root
pt
x,dnn,jecs
0.000000,0.114838,0.143353
60.000000,0.092909,0.117390
120.000000,0.082765,0.098177
180.000000,0.077581,0.086854
240.000000,0.066642,0.073669
300.000000,0.068775,0.067693
360.000000,0.078030,0.074603
420.000000,0.064212,0.053744
480.000000,0.049921,0.058494
eta
x,dnn,jecs
0.000000,0.087945,0.109970
0.400000,0.089321,0.109599
0.800000,0.097138,0.120974
1.200000,0.109522,0.134543
1.600000,0.108407,0.130386
2.000000,0.125173,0.147566
[?1034h['./validate_regression.py', '190607_nopf_narrowloss_40000']
Opening .../data/t3home000/dabercro/hbb/190610_013/TTToHadronic_TuneCP5_13TeV-powheg-pythia8/0001.root
pt
x,dnn,jecs
0.000000,0.117432,0.143353
60.000000,0.094668,0.117390
120.000000,0.083353,0.098177
180.000000,0.075253,0.086854
240.000000,0.066294,0.073669
300.000000,0.069456,0.067693
360.000000,0.080984,0.074603
420.000000,0.076276,0.053744
480.000000,0.058039,0.058494
eta
x,dnn,jecs
0.000000,0.089353,0.109970
0.400000,0.090473,0.109599
0.800000,0.097487,0.120974
1.200000,0.111249,0.134543
1.600000,0.110240,0.130386
2.000000,0.126852,0.147566
[?1034h['./validate_regression.py', '190607_nopf_narrowloss_60000']
Opening .../data/t3home000/dabercro/hbb/190610_013/TTToHadronic_TuneCP5_13TeV-powheg-pythia8/0001.root
pt
x,dnn,jecs
0.000000,0.115531,0.143353
60.000000,0.093239,0.117390
120.000000,0.083226,0.098177
180.000000,0.079784,0.086854
240.000000,0.066236,0.073669
300.000000,0.070779,0.067693
360.000000,0.064197,0.074603
420.000000,0.063735,0.053744
480.000000,0.057707,0.058494
eta
x,dnn,jecs
0.000000,0.088404,0.109970
0.400000,0.089858,0.109599
0.800000,0.097804,0.120974
1.200000,0.110657,0.134543
1.600000,0.109059,0.130386
2.000000,0.126218,0.147566
[?1034h['./validate_regression.py', '190607_nopf_narrowloss_80000']
Opening .../data/t3home000/dabercro/hbb/190610_013/TTToHadronic_TuneCP5_13TeV-powheg-pythia8/0001.root
pt
x,dnn,jecs
0.000000,0.116102,0.143353
60.000000,0.093324,0.117390
120.000000,0.081659,0.098177
180.000000,0.076570,0.086854
240.000000,0.066590,0.073669
300.000000,0.068434,0.067693
360.000000,0.071775,0.074603
420.000000,0.061832,0.053744
480.000000,0.062450,0.058494
eta
x,dnn,jecs
0.000000,0.088288,0.109970
0.400000,0.089847,0.109599
0.800000,0.097763,0.120974
1.200000,0.109991,0.134543
1.600000,0.109491,0.130386
2.000000,0.127185,0.147566
[?1034h['./validate_regression.py', '190607_nopf_wideloss_120000']
Opening .../data/t3home000/dabercro/hbb/190610_013/TTToHadronic_TuneCP5_13TeV-powheg-pythia8/0001.root
pt
x,dnn,jecs
0.000000,0.115053,0.143353
60.000000,0.093248,0.117390
120.000000,0.083237,0.098177
180.000000,0.077447,0.086854
240.000000,0.065100,0.073669
300.000000,0.064753,0.067693
360.000000,0.067596,0.074603
420.000000,0.059752,0.053744
480.000000,0.055230,0.058494
eta
x,dnn,jecs
0.000000,0.088215,0.109970
0.400000,0.090344,0.109599
0.800000,0.097358,0.120974
1.200000,0.108908,0.134543
1.600000,0.108672,0.130386
2.000000,0.124528,0.147566
[?1034h['./validate_regression.py', '190607_nopf_wideloss_160000']
Opening .../data/t3home000/dabercro/hbb/190610_013/TTToHadronic_TuneCP5_13TeV-powheg-pythia8/0001.root
pt
x,dnn,jecs
0.000000,0.116045,0.143353
60.000000,0.092835,0.117390
120.000000,0.083129,0.098177
180.000000,0.077036,0.086854
240.000000,0.064895,0.073669
300.000000,0.070164,0.067693
360.000000,0.069999,0.074603
420.000000,0.062099,0.053744
480.000000,0.057922,0.058494
eta
x,dnn,jecs
0.000000,0.088764,0.109970
0.400000,0.090194,0.109599
0.800000,0.097310,0.120974
1.200000,0.109854,0.134543
1.600000,0.108260,0.130386
2.000000,0.125832,0.147566
[?1034h['./validate_regression.py', '190607_nopf_wideloss_40000']
Opening .../data/t3home000/dabercro/hbb/190610_013/TTToHadronic_TuneCP5_13TeV-powheg-pythia8/0001.root
pt
x,dnn,jecs
0.000000,0.115957,0.143353
60.000000,0.093287,0.117390
120.000000,0.083519,0.098177
180.000000,0.077709,0.086854
240.000000,0.064724,0.073669
300.000000,0.067665,0.067693
360.000000,0.067076,0.074603
420.000000,0.061240,0.053744
480.000000,0.060604,0.058494
eta
x,dnn,jecs
0.000000,0.089421,0.109970
0.400000,0.091079,0.109599
0.800000,0.097234,0.120974
1.200000,0.110338,0.134543
1.600000,0.108451,0.130386
2.000000,0.127262,0.147566
[?1034h['./validate_regression.py', '190607_nopf_wideloss_60000']
Opening .../data/t3home000/dabercro/hbb/190610_013/TTToHadronic_TuneCP5_13TeV-powheg-pythia8/0001.root
pt
x,dnn,jecs
0.000000,0.117129,0.143353
60.000000,0.094060,0.117390
120.000000,0.083762,0.098177
180.000000,0.077574,0.086854
240.000000,0.067917,0.073669
300.000000,0.063742,0.067693
360.000000,0.072181,0.074603
420.000000,0.061232,0.053744
480.000000,0.057710,0.058494
eta
x,dnn,jecs
0.000000,0.089073,0.109970
0.400000,0.090654,0.109599
0.800000,0.097423,0.120974
1.200000,0.110374,0.134543
1.600000,0.109590,0.130386
2.000000,0.126532,0.147566
[?1034h['./validate_regression.py', '190607_nopf_wideloss_80000']
Opening .../data/t3home000/dabercro/hbb/190610_013/TTToHadronic_TuneCP5_13TeV-powheg-pythia8/0001.root
pt
x,dnn,jecs
0.000000,0.115857,0.143353
60.000000,0.093851,0.117390
120.000000,0.082847,0.098177
180.000000,0.078476,0.086854
240.000000,0.066785,0.073669
300.000000,0.066856,0.067693
360.000000,0.072469,0.074603
420.000000,0.054907,0.053744
480.000000,0.055596,0.058494
eta
x,dnn,jecs
0.000000,0.088878,0.109970
0.400000,0.090172,0.109599
0.800000,0.097440,0.120974
1.200000,0.109847,0.134543
1.600000,0.108323,0.130386
2.000000,0.125152,0.147566
[?1034h['./validate_regression.py', '190607_pf_narrowloss_120000']
Opening .../data/t3home000/dabercro/hbb/190610_013/TTToHadronic_TuneCP5_13TeV-powheg-pythia8/0001.root
pt
x,dnn,jecs
0.000000,0.115184,0.143353
60.000000,0.093272,0.117390
120.000000,0.082780,0.098177
180.000000,0.075925,0.086854
240.000000,0.063668,0.073669
300.000000,0.070755,0.067693
360.000000,0.071318,0.074603
420.000000,0.062384,0.053744
480.000000,0.053471,0.058494
eta
x,dnn,jecs
0.000000,0.088843,0.109970
0.400000,0.090155,0.109599
0.800000,0.097589,0.120974
1.200000,0.109556,0.134543
1.600000,0.108045,0.130386
2.000000,0.124877,0.147566
[?1034h['./validate_regression.py', '190607_pf_narrowloss_160000']
Opening .../data/t3home000/dabercro/hbb/190610_013/TTToHadronic_TuneCP5_13TeV-powheg-pythia8/0001.root
pt
x,dnn,jecs
0.000000,0.114867,0.143353
60.000000,0.092598,0.117390
120.000000,0.082319,0.098177
180.000000,0.075955,0.086854
240.000000,0.064321,0.073669
300.000000,0.069698,0.067693
360.000000,0.071197,0.074603
420.000000,0.063185,0.053744
480.000000,0.051321,0.058494
eta
x,dnn,jecs
0.000000,0.088573,0.109970
0.400000,0.089503,0.109599
0.800000,0.097835,0.120974
1.200000,0.109313,0.134543
1.600000,0.107822,0.130386
2.000000,0.123698,0.147566
[?1034h['./validate_regression.py', '190607_pf_narrowloss_40000']
Opening .../data/t3home000/dabercro/hbb/190610_013/TTToHadronic_TuneCP5_13TeV-powheg-pythia8/0001.root
pt
x,dnn,jecs
0.000000,0.116972,0.143353
60.000000,0.094557,0.117390
120.000000,0.084521,0.098177
180.000000,0.078519,0.086854
240.000000,0.066445,0.073669
300.000000,0.067266,0.067693
360.000000,0.073969,0.074603
420.000000,0.058910,0.053744
480.000000,0.055048,0.058494
eta
x,dnn,jecs
0.000000,0.090348,0.109970
0.400000,0.091144,0.109599
0.800000,0.097887,0.120974
1.200000,0.112126,0.134543
1.600000,0.108997,0.130386
2.000000,0.127721,0.147566
[?1034h['./validate_regression.py', '190607_pf_narrowloss_60000']
Opening .../data/t3home000/dabercro/hbb/190610_013/TTToHadronic_TuneCP5_13TeV-powheg-pythia8/0001.root
pt
x,dnn,jecs
0.000000,0.116457,0.143353
60.000000,0.093547,0.117390
120.000000,0.084122,0.098177
180.000000,0.075401,0.086854
240.000000,0.066622,0.073669
300.000000,0.072518,0.067693
360.000000,0.067933,0.074603
420.000000,0.070884,0.053744
480.000000,0.052844,0.058494
eta
x,dnn,jecs
0.000000,0.089586,0.109970
0.400000,0.090560,0.109599
0.800000,0.097716,0.120974
1.200000,0.110858,0.134543
1.600000,0.108734,0.130386
2.000000,0.126472,0.147566
[?1034h['./validate_regression.py', '190607_pf_narrowloss_80000']
Opening .../data/t3home000/dabercro/hbb/190610_013/TTToHadronic_TuneCP5_13TeV-powheg-pythia8/0001.root
pt
x,dnn,jecs
0.000000,0.115633,0.143353
60.000000,0.093034,0.117390
120.000000,0.082424,0.098177
180.000000,0.075706,0.086854
240.000000,0.066833,0.073669
300.000000,0.068958,0.067693
360.000000,0.078168,0.074603
420.000000,0.059668,0.053744
480.000000,0.052230,0.058494
eta
x,dnn,jecs
0.000000,0.088866,0.109970
0.400000,0.089734,0.109599
0.800000,0.097542,0.120974
1.200000,0.110266,0.134543
1.600000,0.108551,0.130386
2.000000,0.126017,0.147566
[?1034h['./validate_regression.py', '190607_pf_wideloss_120000']
Opening .../data/t3home000/dabercro/hbb/190610_013/TTToHadronic_TuneCP5_13TeV-powheg-pythia8/0001.root
pt
x,dnn,jecs
0.000000,0.137789,0.143353
60.000000,0.101890,0.117390
120.000000,0.086720,0.098177
180.000000,0.077314,0.086854
240.000000,0.069067,0.073669
300.000000,0.069507,0.067693
360.000000,0.085743,0.074603
420.000000,0.066145,0.053744
480.000000,0.059031,0.058494
eta
x,dnn,jecs
0.000000,0.095203,0.109970
0.400000,0.097980,0.109599
0.800000,0.107456,0.120974
1.200000,0.124535,0.134543
1.600000,0.127673,0.130386
2.000000,0.152799,0.147566
[?1034h['./validate_regression.py', '190607_pf_wideloss_160000']
Opening .../data/t3home000/dabercro/hbb/190610_013/TTToHadronic_TuneCP5_13TeV-powheg-pythia8/0001.root
pt
x,dnn,jecs
0.000000,0.142059,0.143353
60.000000,0.102316,0.117390
120.000000,0.088138,0.098177
180.000000,0.078397,0.086854
240.000000,0.067905,0.073669
300.000000,0.074152,0.067693
360.000000,0.084323,0.074603
420.000000,0.056646,0.053744
480.000000,0.058024,0.058494
eta
x,dnn,jecs
0.000000,0.096823,0.109970
0.400000,0.098817,0.109599
0.800000,0.106715,0.120974
1.200000,0.126201,0.134543
1.600000,0.128801,0.130386
2.000000,0.155254,0.147566
[?1034h['./validate_regression.py', '190607_pf_wideloss_40000']
Opening .../data/t3home000/dabercro/hbb/190610_013/TTToHadronic_TuneCP5_13TeV-powheg-pythia8/0001.root
pt
x,dnn,jecs
0.000000,0.120797,0.143353
60.000000,0.095330,0.117390
120.000000,0.085186,0.098177
180.000000,0.077458,0.086854
240.000000,0.064374,0.073669
300.000000,0.071117,0.067693
360.000000,0.082795,0.074603
420.000000,0.048909,0.053744
480.000000,0.055266,0.058494
eta
x,dnn,jecs
0.000000,0.091553,0.109970
0.400000,0.092626,0.109599
0.800000,0.100507,0.120974
1.200000,0.114918,0.134543
1.600000,0.111299,0.130386
2.000000,0.130410,0.147566
[?1034h['./validate_regression.py', '190607_pf_wideloss_60000']
Opening .../data/t3home000/dabercro/hbb/190610_013/TTToHadronic_TuneCP5_13TeV-powheg-pythia8/0001.root
pt
x,dnn,jecs
0.000000,0.131285,0.143353
60.000000,0.098854,0.117390
120.000000,0.084434,0.098177
180.000000,0.078472,0.086854
240.000000,0.068018,0.073669
300.000000,0.073393,0.067693
360.000000,0.067524,0.074603
420.000000,0.057151,0.053744
480.000000,0.057978,0.058494
eta
x,dnn,jecs
0.000000,0.093375,0.109970
0.400000,0.095582,0.109599
0.800000,0.103419,0.120974
1.200000,0.120593,0.134543
1.600000,0.118344,0.130386
2.000000,0.142282,0.147566
[?1034h['./validate_regression.py', '190607_pf_wideloss_80000']
Opening .../data/t3home000/dabercro/hbb/190610_013/TTToHadronic_TuneCP5_13TeV-powheg-pythia8/0001.root
pt
x,dnn,jecs
0.000000,0.133883,0.143353
60.000000,0.100123,0.117390
120.000000,0.086256,0.098177
180.000000,0.078239,0.086854
240.000000,0.067447,0.073669
300.000000,0.078230,0.067693
360.000000,0.065600,0.074603
420.000000,0.052734,0.053744
480.000000,0.058229,0.058494
eta
x,dnn,jecs
0.000000,0.093751,0.109970
0.400000,0.096658,0.109599
0.800000,0.104351,0.120974
1.200000,0.123107,0.134543
1.600000,0.121525,0.130386
2.000000,0.148233,0.147566
[?1034h['./validate_regression.py', '190603_v6']
Opening .../data/t3home000/dabercro/hbb/190610_013/TTToHadronic_TuneCP5_13TeV-powheg-pythia8/0001.root
pt
x,dnn,jecs
0.000000,0.119327,0.143353
60.000000,0.094021,0.117390
120.000000,0.084043,0.098177
180.000000,0.075808,0.086854
240.000000,0.065577,0.073669
300.000000,0.067898,0.067693
360.000000,0.074498,0.074603
420.000000,0.054666,0.053744
480.000000,0.058771,0.058494
eta
x,dnn,jecs
0.000000,0.089966,0.109970
0.400000,0.091283,0.109599
0.800000,0.099376,0.120974
1.200000,0.111936,0.134543
1.600000,0.109590,0.130386
2.000000,0.128806,0.147566
