[?1034h['./validate_regression.py', '190723_origin']
Opening ...../bigreg2.root
pt
x,dnn,jecs
0.000000,0.117562,0.144747
60.000000,0.096365,0.120397
120.000000,0.087026,0.100109
180.000000,0.083939,0.091078
250.000000,0.074773,0.078762
320.000000,0.068438,0.071900
400.000000,0.060375,0.059395
eta
x,dnn,jecs
0.000000,0.093224,0.112609
0.400000,0.094604,0.116075
0.800000,0.102115,0.125234
1.200000,0.114142,0.138347
1.600000,0.109671,0.130562
2.000000,0.126581,0.144909
[?1034h['./validate_regression.py', '190723_origin_2']
Opening ...../bigreg2.root
pt
x,dnn,jecs
0.000000,0.117086,0.144747
60.000000,0.094896,0.120397
120.000000,0.083805,0.100109
180.000000,0.081151,0.091078
250.000000,0.073772,0.078762
320.000000,0.067564,0.071900
400.000000,0.057208,0.059395
eta
x,dnn,jecs
0.000000,0.091483,0.112609
0.400000,0.092960,0.116075
0.800000,0.100743,0.125234
1.200000,0.112092,0.138347
1.600000,0.108247,0.130562
2.000000,0.124518,0.144909
[?1034h['./validate_regression.py', '190723_puppi']
Opening ...../bigreg2.root
pt
x,dnn,jecs
0.000000,0.115143,0.144747
60.000000,0.095216,0.120397
120.000000,0.084761,0.100109
180.000000,0.081105,0.091078
250.000000,0.071547,0.078762
320.000000,0.065254,0.071900
400.000000,0.056423,0.059395
eta
x,dnn,jecs
0.000000,0.091291,0.112609
0.400000,0.092867,0.116075
0.800000,0.100548,0.125234
1.200000,0.111615,0.138347
1.600000,0.107828,0.130562
2.000000,0.123340,0.144909
[?1034h['./validate_regression.py', '190723_puppi_2']
Opening ...../bigreg2.root
pt
x,dnn,jecs
0.000000,0.115989,0.144747
60.000000,0.094378,0.120397
120.000000,0.084197,0.100109
180.000000,0.081152,0.091078
250.000000,0.070893,0.078762
320.000000,0.065288,0.071900
400.000000,0.057988,0.059395
eta
x,dnn,jecs
0.000000,0.091041,0.112609
0.400000,0.092204,0.116075
0.800000,0.100127,0.125234
1.200000,0.110755,0.138347
1.600000,0.106960,0.130562
2.000000,0.122906,0.144909
[?1034h['./validate_regression.py', '190725_lstm_pf']
Opening ...../bigreg2.root
pt
x,dnn,jecs
0.000000,0.118763,0.144747
60.000000,0.097402,0.120397
120.000000,0.087774,0.100109
180.000000,0.085353,0.091078
250.000000,0.078535,0.078762
320.000000,0.071711,0.071900
400.000000,0.068202,0.059395
eta
x,dnn,jecs
0.000000,0.094038,0.112609
0.400000,0.095387,0.116075
0.800000,0.103696,0.125234
1.200000,0.115339,0.138347
1.600000,0.111778,0.130562
2.000000,0.127929,0.144909
[?1034h['./validate_regression.py', '190904_0']
Opening ...../bigreg2.root
pt
x,dnn,jecs
0.000000,0.116550,0.144747
60.000000,0.096374,0.120397
120.000000,0.087008,0.100109
180.000000,0.084104,0.091078
250.000000,0.073002,0.078762
320.000000,0.069033,0.071900
400.000000,0.059077,0.059395
eta
x,dnn,jecs
0.000000,0.092562,0.112609
0.400000,0.093825,0.116075
0.800000,0.101950,0.125234
1.200000,0.113704,0.138347
1.600000,0.109478,0.130562
2.000000,0.125470,0.144909
[?1034h['./validate_regression.py', '190904_0_2']
Opening ...../bigreg2.root
pt
x,dnn,jecs
0.000000,0.115618,0.144747
60.000000,0.094012,0.120397
120.000000,0.084670,0.100109
180.000000,0.081209,0.091078
250.000000,0.071778,0.078762
320.000000,0.066409,0.071900
400.000000,0.058107,0.059395
eta
x,dnn,jecs
0.000000,0.091264,0.112609
0.400000,0.092668,0.116075
0.800000,0.100410,0.125234
1.200000,0.111548,0.138347
1.600000,0.108106,0.130562
2.000000,0.123866,0.144909
[?1034h['./validate_regression.py', '190904_0_3']
Opening ...../bigreg2.root
pt
x,dnn,jecs
0.000000,0.115752,0.144747
60.000000,0.093153,0.120397
120.000000,0.082590,0.100109
180.000000,0.080343,0.091078
250.000000,0.071049,0.078762
320.000000,0.065336,0.071900
400.000000,0.058114,0.059395
eta
x,dnn,jecs
0.000000,0.090257,0.112609
0.400000,0.091752,0.116075
0.800000,0.099177,0.125234
1.200000,0.110562,0.138347
1.600000,0.106529,0.130562
2.000000,0.123025,0.144909
[?1034h['./validate_regression.py', '190924_0']
Opening ...../bigreg2.root
pt
x,dnn,jecs
0.000000,0.115091,0.144747
60.000000,0.093803,0.120397
120.000000,0.083892,0.100109
180.000000,0.081690,0.091078
250.000000,0.071320,0.078762
320.000000,0.063659,0.071900
400.000000,0.057692,0.059395
eta
x,dnn,jecs
0.000000,0.090627,0.112609
0.400000,0.092129,0.116075
0.800000,0.099931,0.125234
1.200000,0.111192,0.138347
1.600000,0.106406,0.130562
2.000000,0.122580,0.144909
