[?1034h['./validate_regression.py', '190723_origin_2']
Opening ...../bigreg4.root
pt
x,dnn,jecs
0.000000,0.136802,0.120885
60.000000,0.114212,0.090481
120.000000,0.107132,0.073846
180.000000,0.099620,0.063841
250.000000,0.095409,0.055681
320.000000,0.091925,0.049515
400.000000,0.084595,0.038388
eta
x,dnn,jecs
0.000000,0.115094,0.085096
0.400000,0.116234,0.087669
0.800000,0.123066,0.098629
1.200000,0.133586,0.118419
1.600000,0.133066,0.109995
2.000000,0.143730,0.121874
[?1034h['./validate_regression.py', '190725_lstm_pf']
Opening ...../bigreg4.root
pt
x,dnn,jecs
0.000000,0.329600,0.120885
60.000000,0.282727,0.090481
120.000000,0.260479,0.073846
180.000000,0.235927,0.063841
250.000000,0.232967,0.055681
320.000000,0.227985,0.049515
400.000000,0.258732,0.038388
eta
x,dnn,jecs
0.000000,0.280173,0.085096
0.400000,0.278661,0.087669
0.800000,0.288346,0.098629
1.200000,0.304952,0.118419
1.600000,0.290721,0.109995
2.000000,0.342416,0.121874
[?1034h['./validate_regression.py', '190904_0_3']
Opening ...../bigreg4.root
pt
x,dnn,jecs
0.000000,0.146175,0.120885
60.000000,0.121153,0.090481
120.000000,0.105839,0.073846
180.000000,0.096624,0.063841
250.000000,0.094149,0.055681
320.000000,0.084131,0.049515
400.000000,0.078769,0.038388
eta
x,dnn,jecs
0.000000,0.121293,0.085096
0.400000,0.122978,0.087669
0.800000,0.130688,0.098629
1.200000,0.142626,0.118419
1.600000,0.141554,0.109995
2.000000,0.149692,0.121874
